17	7	8	None
37	5	7	1.85	[5, 5, 5, 5, 5, 5, 7]
32	8	9	0.00	[8, 8, 8, 8]
32	11	12	None
32	7	11	13	3.46	[7, 7, 7, 11]
33	8	9	0.87	[8, 8, 8, 9]
33	11	12	0.00	[11, 11, 11]
33	7	11	13	0.00	[11, 11, 11]
34	8	9	1.00	[8, 8, 9, 9]
34	11	12	0.82	[11, 11, 12]
34	7	11	13	5.20	[7, 7, 7, 13]
35	8	9	0.87	[8, 9, 9, 9]
35	11	12	0.82	[11, 12, 12]
35	7	11	13	0.00	[7, 7, 7, 7, 7]
36	8	9	0.00	[9, 9, 9, 9]
36	11	12	0.00	[12, 12, 12]
36	7	11	13	4.00	[7, 7, 11, 11]
37	8	9	None
37	11	12	None
37	7	11	13	1.63	[11, 13, 13]
38	8	9	None
38	11	12	None
38	7	11	13	5.20	[7, 7, 11, 13]
39	8	9	None
39	11	12	None
39	7	11	13	0.00	[13, 13, 13]
40	8	9	0.00	[8, 8, 8, 8, 8]
40	11	12	None
40	7	11	13	3.46	[7, 11, 11, 11]
41	8	9	0.89	[8, 8, 8, 8, 9]
41	11	12	None
41	7	11	13	5.37	[7, 7, 7, 7, 13]
42	8	9	1.10	[8, 8, 8, 9, 9]
42	11	12	None
42	7	11	13	0.00	[7, 7, 7, 7, 7, 7]
43	8	9	1.10	[8, 8, 9, 9, 9]
43	11	12	None
43	7	11	13	4.38	[7, 7, 7, 11, 11]
44	8	9	0.89	[8, 9, 9, 9, 9]
44	11	12	0.00	[11, 11, 11, 11]
44	7	11	13	0.00	[11, 11, 11, 11]
45	8	9	0.00	[9, 9, 9, 9, 9]
45	11	12	0.87	[11, 11, 11, 12]
45	7	11	13	5.66	[7, 7, 7, 11, 13]
46	8	9	None
46	11	12	1.00	[11, 11, 12, 12]
46	7	11	13	1.73	[11, 11, 11, 13]
47	8	9	None
47	11	12	0.87	[11, 12, 12, 12]
47	7	11	13	4.38	[7, 7, 11, 11, 11]
48	8	9	0.00	[8, 8, 8, 8, 8, 8]
48	11	12	0.00	[12, 12, 12, 12]
48	7	11	13	2.00	[11, 11, 13, 13]
49	8	9	0.91	[8, 8, 8, 8, 8, 9]
49	11	12	None
49	7	11	13	0.00	[7, 7, 7, 7, 7, 7, 7]
