1173497	1173497	1173497		
2	1224	2		1224
1224	2	2	1224	
2	1265412	2		1224,28211,204457,41297,165695,1265412
1265412	2	2	1224,28211,204457,41297,165695,1265412	
1265412	691709	2	1224,28211,204457,41297,165695,1265412	201174,1760,85007,85025,1827,691709
530858	935223	2	1224,1236,72274,135621,286,530858	68336,976,117743,200644,49546,237,935223
1651932	208595	2	1224,28216,80840,75682,29580,1651932	1239,91061,186826,186828,2747,208595
411945	536669	2	1224,28211,356,82115,227290,379,411945	201174,1760,85012,83676,234334,536669
1312976	1316519	2	201174,1760,85006,1268,1663,1312976	68336,976,200643,171549,171551,836,1316519
1220632	1042368	2	1224,1236,91347,543,544,1220632	2323,49928,1042368
1322116	1034999	186817	1386,1322116	45667,1034999
493593	486852	2	1224,1236,135622,267890,22,493593	201174,1760,85011,2062,1883,486852
1218378	356800	1224	28216,80840,119060,32008,1218378	1236,91347,543,547,356800
1131359	1265640	1224	28211,356,69277,68287,1131359	1236,91347,543,590,28901,59201,58095,1265640
339681	403972	2	2323,49928,339681	68336,976,117743,200644,313602,403978,403972
1466964	523647	2	1239,91061,1385,186817,1055323,1466964	1224,28211,204441,41295,390876,523647
1484210	1497184	2	1224,28211,356,41294,374,1484210	1239,91061,1385,186817,1386,86661,1497184
1306312	1509952	2	1117,1161,1162,1177,1178,1306312	2323,49928,1509952
1131163	1776	2	1239,91061,1385,186817,1386,1131163	201174,1760,85007,1762,1763,1776
1081421	941889	2	1224,1236,91347,543,583,1081421	1239,91061,1385,186817,1386,941889
404	1110244	2	1224,28216,206350,32011,404	2323,49928,1110244
879604	1270987	2	1224,1236,135624,84642,642,879604	201174,1760,85007,85025,1817,1270987
1358299	460082	2	2323,49928,1358299	1224,28211,356,41294,374,460082
1602598	709745	2	1224,1236,91347,543,613,1602598	2323,49928,709745
1051195	214855	2	201174,1760,85011,2062,1883,1051195	1239,186801,186802,186803,140625,214855
327664	1208202	2	68336,976,117743,200644,49546,1016,327664	2323,49928,1208202
1277069	1208693	1236	135622,72275,89404,1277069	135623,641,662,1208693
928978	85558	2	1224,1236,72274,135621,286,928978	201174,1760,85011,2062,1883,85558
579676	1194447	2	1224,1236,135623,641,662,579676	201174,1760,85007,85025,1827,1194447
542197	1148309	2	1239,91061,1385,186818,1569,542197	2323,49928,1148309
1159043	1664560	1224	68525,29547,213849,72293,209,210,1159043	1236,135614,32033,83618,1664560
1648054	640200	2	1224,1236,72274,135621,286,1648054	201174,1760,85006,1268,1663,640200
1678465	1594793	1236	91347,543,561,1678465	72274,135621,286,1594793
1510882	1226572	2	201174,1760,85011,2062,1883,1510882	1224,1236,72274,135621,286,1226572
1537410	1230644	1236	72274,135621,286,1537410	91347,543,613,1230644
470049	857244	2	1239,91061,1385,186817,1386,470049	1224,1236,72274,135621,286,857244
1285190	1670553	2	1239,91061,186826,33958,1578,47715,568703,1285190	201174,1760,85011,2062,1883,1670553
1700023	1402	2	1224,28211,356,41294,374,1700023	1239,91061,1385,186817,1386,653685,1402
1723730	1419790	2	1224,28216,80840,119060,32008,1723730	201174,1760,85010,2070,1851,1419790
1406431	1581651	28216	80840,75682,149698,1406431	206350,32011,119067,1581651
1245174	1028892	1224	28211,204457,41297,41298,122612,1245174	1236,72274,135621,286,1028892
225971	866629	2	1224,28211,204457,335929,1041,225971	544448,31969,2085,2092,2093,656088,2105,866629
349161	948162	2	1239,186801,186802,186807,1562,59610,349161	2323,49928,948162
1379890	1190232	2	2323,49928,1379890	1224,28211,356,41294,81426,1190232
1167693	588286	2	1224,1236,91347,543,561,562,1167693	1239,91061,1385,186817,1386,588286
1316690	47055	2	201174,1760,85006,85023,90316,1316690	508458,649775,649776,649777,47054,47055
1305888	348607	2	2323,49928,1305888	1117,1301283,1150,1205,348606,348607
622500	1591411	2	1224,28216,80840,119060,32008,622500	201174,1760,85008,28056,1873,1591411
426355	1320008	2	1224,28211,356,119045,407,31998,426355	201174,1760,85012,83676,2013,1320008
1033523	1338524	2	2323,49928,1033523	1239,91061,186826,81852,1350,1352,1338524
1765904	1277161	1224	28211,356,82115,227292,28105,1765904	1236,135624,84642,129577,1277161
1173145	519587	2	1224,28216,80840,506,222,1173145	1239,91061,1385,186817,1386,519587
89067	745777	135622	267891,58050,89067	267888,53246,745777
1114367	570643	2	201174,1760,85007,85025,1827,1114367	1239,91061,1385,539002,539742,33986,570643
1243670	752567	2	201174,1760,85011,2062,1883,1243670	1224,1236,135624,84642,642,752567
947348	865435	1386	947348	865435
422366	890075	2	201174,1760,85012,83676,2013,422366	2323,49928,890075
1442463	644320	2	1224,1236,135623,641,662,1442463	201174,1760,85009,85015,182639,644320
690134	1204386	1224	28211,204457,41297,165696,690134	1236,72274,468,469,1204386
944092	948620	53335	944092	948620
1459964	1681863	1386	1459964	1681863
1640088	1179985	1224	28211,204458,76892,41275,1640088	1236,135623,641,662,1179985
1304706	1413491	2	1224,1236,91347,543,570,1304706	1239,91061,1385,90964,1279,1280,1413491
1200616	1358106	2	1239,186801,186802,186803,140625,1200616	203691,203692,1643686,143786,29521,1358106
170687	245303	2	1224,1236,135623,641,662,170687	201174,1760,52018,78537,245303
1194112	82115	2	1239,91061,186826,81852,1350,1194112	1224,28211,356,82115
677141	486989	1236	135623,641,662,677141	91347,543,590,28901,59201,486989
488430	263043	2	1239,91061,186826,1300,1301,488430	1224,28211,82117,33807,263043
1472116	1002598	543	561,1472116	53335,1002598
983795	394020	2	68336,976,117743,200644,49546,336276,983795	1224,1236,135623,641,657,394020
501572	1168446	356	82115,227292,28105,501572	41294,374,1168446
945234	486910	2	201174,1760,85007,1762,1763,945234	1224,28211,766,942,952,953,486910
204678	756493	1224	28211,82117,33807,204678	1236,72274,135621,286,756493
1436602	444202	2	1239,91061,1385,186817,1386,1436602	1224,1236,135622,267888,53246,444202
1381567	285469	2	1239,91061,1385,186817,1386,1381567	201174,1760,85011,2062,1883,285469
191644	1398339	2	1224,28211,766,942,952,953,191644	1239,91061,1385,186817,197483,1398339
293260	1327526	2	1239,91061,1385,186817,1386,293260	1224,1236,72274,135621,286,1327526
339706	1116113	2	2323,49928,339706	1224,1236,91347,543,561,562,1116113
1151457	1422752	2	1224,68525,29547,213849,72294,194,1151457	1239,91061,1385,90964,1279,1280,1422752
1259381	1584450	2	201174,1760,85006,1268,57493,1259381	1224,1236,135623,641,662,1584450
764478	1432925	2	2323,49928,764478	1224,28216,80840,119060,132490,1432925
1682737	1321252	1224	28211,204441,433,125216,1682737	28216,80840,119060,32008,111527,28450,1321252
1147193	1259111	1224	1236,91347,543,561,562,1147193	28211,204458,76892,75,1259111
478591	677682	2	201174,1760,85006,85023,33882,478591	1224,1236,135623,641,662,677682
668610	583306	1224	28211,356,119045,407,668610	1236,135614,32033,40323,583306
689760	939414	2	201174,1760,85008,28056,689760	200795,167963,189774,939414
653880	1758577	2	1224,1236,72274,135621,286,653880	1239,91061,1385,186817,1386,1758577
398201	1120342	2	1224,1236,72274,468,469,398201	1239,91061,1385,186817,1386,1120342
568101	442429	1236	135622,72275,89404,568101	72274,135621,286,136849,251695,317,442429
83622	463275	2	1224,28211,356,82115,227290,379,83622	1117,1301283,1150,54304,1160,463275
1443753	584605	2	201174,1760,85006,1268,57493,1443753	68336,976,117743,200644,49546,290174,584605
663	685664	2	1224,1236,135623,641,662,717610,663	68336,976,171558,37452,685664
1450385	1591873	49928	1450385	1591873
1274896	475948	1236	91347,543,561,562,37762,413997,1274896	72274,135621,286,475948
513008	591838	2	201174,1760,85006,85021,53355,513008	1224,28211,356,118882,528,591838
1134791	1745380	2	1239,91061,186826,81852,1350,1351,1134791	201174,1760,85013,74712,1854,1745380
536535	933601	2	1117,1161,1162,1177,536535	1224,28211,356,82115,227290,379,933601
927644	1095570	2	1239,91061,1385,186817,1386,927644	68336,976,117747,200666,84566,84567,1095570
1437552	1636710	2	2323,49928,1437552	1224,28216,80840,506,222,1636710
629265	572171	1224	1236,72274,135621,286,136849,251701,59511,629265	28216,80840,119060,131079,572171
1316713	1133891	2	201174,1760,85006,85023,90316,1316713	2323,49928,1133891
595529	67602	2	1239,91061,1385,186817,1386,595529	1224,28211,356,31993,40087,67602
1220815	1270177	2	1224,1236,135623,641,662,1220815	2323,49928,1270177
1257021	1457004	2	68336,976,768503,768507,200667,340671,1257021	1224,28211,356,772,773,1457004
338396	403640	2	1224,28211,356,82115,227290,379,338396	1239,91061,1385,186818,162291,403640
1318934	1072109	1236	135625,712,724,1318934	72274,468,469,1072109
1295335	328302	2	201174,1760,85013,74712,1854,1295335	1224,68525,28221,213115,194924,872,328302
207493	1737066	2	1224,1236,91347,543,613,138074,207493	201174,1760,85011,2062,1883,1737066
483016	1713150	2	68336,976,117743,200644,49546,449810,483016	1224,28211,204457,41297,13687,1713150
1736530	207503	1224	28216,80840,80864,34072,1736530	1236,91347,543,613,138074,207503
1111959	998924	2	201174,1760,85006,85016,1707,1111959	2323,49928,998924
1386897	1608695	2	68336,976,117743,200644,49546,178469,1386897	1224,28211,356,119045,407,1608695
556322	1286024	28211	204455,31989,1060,556322	204441,41295,85274,1286024
1319474	1762859	1224	1236,91347,543,191675,36866,1319474	28211,766,942,952,953,1762859
1542696	1629985	2	1224,1236,135622,72275,2742,1542696	68336,976,117743,200644,49546,237,1629985
1715196	1747938	1385	90964,1279,1715196	186817,1386,1747938
885279	1122682	2	1224,1236,91347,543,568,885279	2323,49928,1122682
195495	480970	2	1117,1301283,1118,1129,195495	1224,1236,135613,1046,85072,480970
329410	1072366	2	1224,28216,80840,119060,32008,329410	201174,1760,85007,85025,1827,1072366
484549	398991	2	1239,91061,1385,186817,1386,484549	1224,28216,119066,33809,398991
1323339	1441107	2	1224,1236,72274,135621,286,1323339	1239,91061,1385,186817,1386,1441107
285343	1560917	2	1239,91061,1385,186822,55080,285343	201174,1760,85006,1268,1663,1560917
331831	1584434	1224	28211,82117,33807,331831	1236,135623,641,662,1584434
1091023	1456701	1760	85006,1268,1663,1091023	85011,2062,1883,1456701
1170569	256178	2	1224,1236,135619,28256,2745,1170569	201174,1760,85011,2062,1883,256178
538098	536648	49928	538098	536648
1146404	1219986	2	2323,49928,1146404	201174,1760,85013,74712,1854,1219986
1185673	168958	2	1224,1236,135614,32033,338,53413,43353,1185673	2323,49928,168958
1109052	755700	49928	1109052	755700
653111	442387	2	1224,1236,135622,267888,53246,653111	1117,1301283,1118,167375,442387
1350587	367552	1760	85006,1268,1663,1350587	85007,85025,1827,367552
1172002	1155889	2	201174,1760,85007,85025,1817,1172002	68336,976,117743,200644,49546,237,1155889
1428202	881038	2	2323,49928,1428202	1239,91061,186826,1300,1301,1314,881038
217675	1097494	2	2323,49928,217675	1117,1161,1162,1177,1097494
1379894	1772272	2	2323,49928,1379894	201174,1760,85007,1762,1763,1772272
885465	1689859	2	68336,976,117743,200644,49546,237,885465	1117,1161,1162,110103,1696902,1689859
877530	399137	2	2323,49928,877530	1224,28211,204441,433,434,399137
471771	412619	2	1224,1236,72274,135621,286,471771	68336,976,117743,200644,49546,61432,412619
492253	1027287	2	1239,91061,1385,186817,1386,492253	1224,1236,72274,135621,286,1027287
1507986	253259	1224	1236,91347,543,71655,1507986	28211,356,772,773,253259
151177	708914	2	68336,976,117743,200644,49546,61432,151177	1224,28211,356,69277,28100,708914
941956	523374	2	1117,1161,1162,77021,77022,941956	201174,1760,85006,85023,33882,523374
1271435	686389	1224	28216,80840,80864,34072,1271435	28211,204455,31989,97050,686389
1002601	692385	2	1224,28211,356,82115,227290,357,1002601	544448,31969,186328,2131,2132,692385
1010363	486851	2	1224,1236,118884,33811,1010363	201174,1760,85011,2062,1883,486851
939825	1349198	2	1117,1212,1217,1218,939825	1224,1236,135623,641,37986,130818,1349198
268811	1549096	1224	1236,91347,543,191675,36866,268811	28211,356,41294,374,1549096
678508	1179112	2	1224,1236,135623,641,662,678508	1239,91061,1385,186817,1386,1179112
1756018	1249182	2	544448,31969,186329,2146,33926,85623,1756018	1239,91061,1385,186817,1386,1249182
1145103	468539	2	1224,1236,91347,543,590,1145103	1239,91061,1385,186817,1386,468539
358155	250918	2	544448,31969,186328,2131,100481,358155	201174,1760,85011,2062,1883,250918
98274	261477	1760	85013,74712,1854,98274	85007,85025,1817,261477
345219	1089685	2	1239,91061,1385,186817,1386,1398,345219	1224,28211,204455,31989,60136,1089685
1341550	1137988	2	1224,1236,72274,468,54393,1341550	201174,1760,1643682,85030,1860,1137988
933973	1001559	2	68336,976,117747,200666,84566,28453,933973	1224,1236,72274,135621,286,1001559
645965	875059	1385	186817,182709,645965	90964,1279,1280,875059
645600	755657	49928	645600	755657
910694	1737907	2	1224,1236,135622,267888,53246,910694	201174,1760,85012,83676,2013,1737907
1577932	1645653	2	1224,1236,135622,267888,53246,1577932	201174,1760,85006,85023,447237,1645653
709875	1583945	2	201174,1760,85008,28056,1873,709875	1224,1236,135623,641,662,1583945
315320	1508165	2	2323,49928,315320	1224,1236,72274,468,469,1508165
1399000	1727353	2	1239,91061,1385,186820,1637,1639,1399000	201174,1760,85006,85023,2034,1727353
1321647	478110	2	1224,1236,135614,1775411,231454,1321647	201174,1760,85012,2012,667113,478110
476106	1533651	1883	476106	1533651
264687	523681	2	1117,1161,1162,1177,264686,264687	1224,28211,204455,31989,58840,523681
677655	1267304	2	1224,1236,135623,641,662,677655	2323,49928,1267304
633407	1204729	2	1224,1236,72274,135621,286,633407	201174,1760,85007,85025,1817,1204729
1578065	1441263	2	1117,1301283,1150,1185872,1578065	1239,91061,1385,186817,1386,1441263
926515	883113	2	1224,28216,206351,481,482,487,926515	1239,91061,186826,186827,66831,82347,883113
322534	81850	2	1224,28211,356,82115,227290,379,322534	1239,91061,186826,81850
1182497	1638646	28216	206389,75787,146937,1182497	80840,75682,963,1638646
267705	370007	2	1224,28211,766,942,952,953,267705	1239,91061,1385,186817,1386,370007
1071587	996	2	201174,1760,85006,85020,43668,1071587	68336,976,117743,200644,49546,237,996
1217100	434810	2	201174,1760,1217098,1217100	1224,28211,204457,335929,1111,434810
1142071	694274	1236	135622,72275,2742,1142071	72274,135621,286,694274
1328381	1467308	2	1224,1236,91347,543,570,573,1328381	1239,91061,1385,186817,1386,1467308
1584544	362458	2	1224,1236,135623,641,662,1584544	1239,91061,186826,81852,1350,362458
443156	1213488	2	201174,1760,85006,85021,367298,443156	1224,28211,204455,31989,265,1213488
1661088	492168	2	201174,1760,85006,1268,1269,1661088	1224,1236,72274,135621,286,492168
1343090	748316	1385	186822,44249,1343090	186817,1386,748316
1408087	1356484	2	2323,49928,1408087	1224,28216,80840,506,305976,1356484
795217	240239	85007	1762,1763,77643,1773,795217	85025,1827,240239
234104	857224	2	201174,1760,85007,1762,85024,234104	1224,1236,72274,135621,286,857224
574750	1563602	1224	28216,80840,119060,106589,574750	1236,91347,543,191675,36866,1563602
990014	1577262	2	1239,91061,1385,186817,1386,990014	68336,1090,44765,1577262
1681090	1163913	2	1224,1236,135622,267888,53246,1681090	1239,91061,1385,186825,40298,1163913
591580	203182	1224	1236,135622,267888,53246,591580	28211,356,41294,374,203182
1226903	256248	2	1239,91061,1385,90964,1279,1226903	201174,1760,85011,2062,1883,256248
576428	1054161	2	1239,91061,1385,186817,1386,576428	2323,49928,1054161
593484	1415374	2	1224,1236,135614,32033,191676,57609,593484	1239,91061,1385,186817,1386,1415374
598610	451059	2	201174,1760,85008,28056,1865,598610	1224,28211,204455,31989,60136,451059
1123056	707175	2	201174,1760,85007,85025,1827,293050,1123056	1224,1236,72274,135621,286,707175
192915	910885	1236	135619,28256,2745,192915	135623,641,662,910885
504399	1409523	2	1224,1236,72274,135621,286,504399	1239,91061,1385,90964,1279,1280,1409523
1116613	1122998	2	1239,91061,1385,90964,1279,1116613	201174,1760,85009,31957,1743,1751,1122998
552302	557389	2	1239,91061,1385,90964,1279,552302	1224,28211,356,69277,68287,557389
1313793	1287179	28211	82117,33807,1313793	356,69277,68287,1287179
668687	858424	2	1239,91061,1385,186817,1386,668687	1224,28211,356,41294,374,858424
1382909	926576	1224	1236,135622,267888,53246,1382909	28216,80840,119060,32008,926576
582703	1442089	2	201174,1760,85007,85025,1827,582703	2323,49928,1442089
1775	1159083	2	201174,1760,85007,1762,1763,1775	1239,91061,186826,1300,1301,1313,1159083
1108964	928317	1224	28211,356,119042,237321,237340,1108964	1236,135623,641,662,928317
1610869	1029115	1236	135614,32033,40323,1610869	72274,135621,286,1029115
1578690	195487	2	2323,49928,1578690	1117,1301283,1118,1129,195487
877208	1198231	2	68336,976,768503,768507,89373,89966,877208	1239,91061,1385,186817,1386,1198231
1436630	564408	2	1239,91061,1385,186817,1386,1436630	2323,49928,564408
1435612	583311	2	201174,1760,85008,28056,1873,1435612	1224,1236,135614,32033,40323,583311
1413468	1444846	91061	1385,90964,1279,1280,1413468	186826,1300,1301,1314,1444846
697666	1172331	2	1224,1236,91347,543,34037,697666	201174,1760,85012,83676,2013,1172331
702436	1042678	1224	1236,91347,543,561,562,83334,702436	28211,204457,41297,13687,1042678
1052808	1491872	2	2323,1383058,1448930,1052808	1239,91061,1385,186817,1386,1491872
1565721	1348527	2	1224,1236,72274,135621,286,1565721	1239,91061,1385,539002,539742,33986,1348527
768339	429611	356	119045,407,768339	41294,374,429611
482234	711578	2	1239,91061,186826,1300,1301,1329,482234	1224,1236,118884,33811,711578
502481	1172289	2	1117,1301283,1118,1125,502481	201174,1760,85006,85023,33882,1172289
990451	1422801	91061	186826,33958,1578,990451	1385,90964,1279,1280,1422801
522076	1225714	1236	135624,84642,642,522076	91347,543,544,1225714
867899	1186937	2	1239,91061,1385,90964,1279,867899	1224,1236,72274,135621,286,1186937
437449	1629722	1236	72274,135621,286,437449	118884,33811,1629722
138563	663032	1224	68525,29547,213849,72293,209,138563	1236,135623,641,662,663032
1085588	1398962	2	1239,91061,1385,186817,45667,1085588	1224,1236,72274,468,469,909768,470,1398962
1526927	1049864	1385	186818,1372,1526927	186817,1386,1049864
617200	643903	2	1224,28211,356,82115,227292,28105,617200	203691,203692,136,137,157,643903
390919	1403902	2	1224,1236,135619,28256,2745,390919	1239,91061,1385,90964,1279,1280,1403902
1257482	1529129	1385	90964,1279,1257482	186817,1386,1529129
1194114	459525	91061	186826,81852,1350,1194114	1385,186817,1329200,459525
1092748	1164877	2	1224,68525,28221,213118,213121,109168,1092748	201174,1760,85006,85017,43676,1164877
563232	1391077	2	68336,976,117743,200644,49546,59732,563232	201174,1760,85011,2062,1883,1391077
1344828	1715526	2	1239,91061,1385,90964,1279,1344828	1224,1236,135619,28256,2745,1715526
1737358	927632	2	201174,1760,85007,85026,2053,1737358	1224,28211,204457,41297,13687,927632
1545474	138976	2	1239,91061,1385,186817,1386,1545474	1224,28211,766,942,952,953,138976
1747054	1334100	2	1224,1236,135614,32033,68,1747054	544448,31969,186329,2146,33926,85623,1334100
347060	1113639	2	201174,1760,85006,85023,90316,347060	1224,28211,356,41294,374,1113639
413538	1096824	1760	85006,1268,1663,413538	85010,2070,1847,1096824
675327	1705585	2	201174,1760,85012,2004,58120,675327	1224,1236,72274,135621,286,1705585
354707	1765595	2	2323,49928,354707	1224,28211,204455,31989,265,1765595
1288828	1680635	2	201174,1760,2037,2049,1654,595468,1288828	1224,28211,204441,41295,13134,1680635
1328459	1171545	1236	72274,135621,286,1328459	135622,72275,2742,1171545
1403531	1583963	1236	135622,267890,22,1403531	135623,641,662,1583963
1409963	1501261	2	1224,1236,91347,543,570,573,1409963	201174,1760,85006,1268,57493,1501261
533631	637387	2	1224,1236,135623,641,662,533631	544448,31969,2085,2092,2093,2115,637387
1322332	1467750	186817	1386,1322332	129337,1467750
671631	1331660	1236	91347,543,613,671631	72274,468,469,29430,1331660
1414293	1171558	1224	28211,766,942,952,953,1414293	1236,135623,641,657,1171558
1224502	1093767	2	1239,91061,1385,186817,1386,1224502	1224,28211,356,82115,227290,379,1093767
1141693	345312	2	1239,91061,1385,186817,1386,1141693	1224,1236,135622,267890,22,345312
385198	1444419	2	1224,1236,135623,641,662,385198	201174,1760,85007,1653,1716,1444419
1531618	1223496	2	2323,49928,1531618	201174,1760,85012,83676,2013,2014,146802,1223496
412601	677240	1224	28216,80840,506,507,412601	1236,135623,641,662,677240
1399386	1209213	2	201174,1760,85006,1268,1269,1399386	544448,31969,186328,2131,2132,1209213
1292112	1109994	2	1224,1236,135614,32033,40323,1292112	2323,49928,1109994
909550	182640	1760	85006,85023,2034,909550	85009,85015,182639,182640
1617746	1008072	2	1224,1236,72274,135621,286,1617746	1239,186801,186802,31979,1485,1008072
244231	1325775	2	68336,976,171558,37452,244231	1224,28211,204441,433,41293,1325775
926028	1189738	2	1224,1236,91347,543,561,562,183192,926028	2323,49928,1189738
1246220	1571207	1224	1236,72274,135621,286,1246220	28211,204455,31989,265,1571207
550507	345662	2	2323,49928,550507	1224,28211,204457,41297,13687,345662
382109	911242	1224	28216,80840,80864,52972,382109	1236,72274,135621,286,911242
1278553	1123303	2	1224,28216,206351,481,482,1278553	1239,91061,186826,1300,1301,1345,1123303
1112863	1180219	237	1112863	1180219
1496992	421138	2	201174,1760,85007,85025,1827,1496992	2323,49928,421138
1133693	1674494	2	1239,91061,1385,186817,1386,1133693	2323,49928,1674494
990341	931460	2	1224,1236,72274,135621,286,136841,287,208964,990341	1239,91061,1385,90964,1279,1280,46170,931460
541215	447373	2	1224,28211,766,775,33988,780,114295,541215	201174,1760,85006,85023,33882,447373
549802	1494452	2	201174,1760,85011,2062,1883,549802	2323,49928,1494452
146800	1730424	2	1224,28216,80840,119060,32008,146800	201174,1760,85006,85023,110932,1730424
34062	988927	2	1224,1236,72274,468,475,46225,34062	201174,1760,85008,28056,84593,988927
82976	749751	2	1224,1236,91347,543,82976	32066,203490,203491,203492,848,749751
999410	865019	1239	186801,186802,186803,1506553,1531,999410	91061,1385,186817,1386,865019
1202437	52561	2	544448,31969,2085,2092,2093,1202437	1224,68525,28221,213115,213116,898,52561
1273397	1412492	1224	28211,356,335928,279,1273397	1236,91347,543,590,28901,59201,149539,1412492
1531608	496853	2	2323,49928,1531608	1224,28211,766,775,33988,780,114295,496853
351584	1546121	2	2323,49928,351584	1117,1301283,1150,483695,1546121
1730420	1151180	2	201174,1760,85006,85023,110932,1730420	1224,1236,91347,543,590,28901,59201,1151180
474988	1638069	1224	1236,91347,543,547,474988	28216,80840,506,507,1638069
762953	530993	2	1239,91061,1385,186824,293021,762953	1224,28216,206389,75787,349,530993
1100712	1661045	1224	28216,80840,80864,665874,1100712	1236,72274,135621,286,1661045
307857	1158710	2	1224,1236,72274,468,469,307857	1239,91061,1385,90964,1279,1280,1158710
1581658	1230475	28216	206350,32011,119067,1581658	80840,80864,34072,1230475
1604721	1565711	1385	186822,44249,1604721	186817,400634,1565711
930773	1486193	1236	91347,543,590,28901,59201,28150,930773	135622,72275,226,1486193
700040	1131540	2	1224,1236,135622,267893,135575,700040	1117,1301283,1118,1125,513223,1131540
677661	521897	2	1224,1236,135623,641,662,677661	1239,91061,1385,186822,44249,521897
339261	637743	1224	28216,80840,119060,32008,339261	1236,135622,72275,226,637743
1113912	492469	2	1239,91061,186826,81850,1243,1113912	201174,1760,85011,2062,1883,492469
682276	533781	1224	28211,204457,41297,13687,682276	1236,135623,641,662,533781
553591	370987	2	1239,91061,1385,90964,1279,1280,553591	1224,1236,91347,543,561,370987
741098	531306	2	1239,91061,186826,81852,1350,741098	1224,1236,135613,72276,1739105,531306
1265559	1565894	2	1224,1236,72274,135621,286,1265559	201174,1760,85011,2062,1883,1565894
1433637	561427	2	1224,28216,80840,119060,48736,1433637	1239,186801,186802,31979,1485,561427
1699928	385865	2	1224,28211,356,41294,374,1699928	2323,49928,385865
1436651	414432	2	1239,91061,1385,186817,1386,1436651	201174,1760,85006,85021,265976,414432
266306	368170	1224	28211,356,41294,374,266306	1236,135622,72275,2742,368170
1644183	267008	1236	135624,84642,642,1644183	72274,135621,286,267008
944480	1017280	2	1224,68525,28221,213113,117942,84404,1279027,944480	1239,186801,186802,186813,1017280
287575	932437	2	1239,91061,186826,33958,1578,287575	1224,28211,204455,285892,932437
151647	290185	2	1239,91061,1385,186822,44249,151647	201174,1760,85007,1653,1716,290185
1578278	1079336	2	1224,1236,72274,468,469,1578278	201174,1760,2037,38987,105426,1079336
324646	1243918	1224	28211,204457,41297,13687,324646	1236,72274,135621,286,1243918
250095	544071	2	201174,1760,85012,2004,2000,250095	2323,49928,544071
1257036	424055	2	1224,1236,91347,543,613,615,1257036	2323,49928,424055
1265352	371765	1224	1236,91347,543,32199,9,1265352	28211,766,942,943,106181,371765
1617773	708910	2	201174,1760,85011,2062,1883,1617773	1224,28211,356,69277,28100,708910
1343153	1234750	2	1239,91061,1385,186817,84406,1343153	1224,1236,72274,135621,286,1234750
1353199	391609	2	1224,1236,135614,32033,292713,1353199	200795,32061,32064,38175,391607,391608,391609
1534119	168963	2	1224,1236,72274,135621,286,1534119	2323,49928,168963
1084488	984198	2	1239,91061,186826,1300,1301,1084488	1224,1236,72274,135621,286,984198
1333716	146968	2	68336,976,117743,200644,1333713,1333716	1224,1236,135619,224372,59753,146968
136079	1263363	2	1117,1161,1162,1163,1165,136079	1224,1236,135619,28256,2745,1263363
1393694	1263571	2	201174,1760,85009,85015,1839,1393694	1224,28211,356,772,773,1263571
397224	1244264	2	200783,187857,32069,224027,182899,397224	1239,91061,186826,81852,1350,1244264
261547	1169219	2	68336,976,117743,200644,49546,61432,261547	1224,28211,356,118882,234,235,1169219
400976	1460276	2	1239,91061,1385,186822,44249,400976	201174,1760,85006,85023,96492,1460276
1678445	1632385	2	201174,1760,85007,85025,1827,1678445	2323,49928,1632385
1264726	1650950	2	1239,91061,1385,186817,1386,1264726	2323,49928,1650950
1087204	1743111	1224	28211,356,69277,68287,1087204	28216,80840,506,222,1743111
1157004	249838	2	1239,91061,1385,90964,1279,1280,1157004	201174,1760,85011,2062,1883,249838
1456651	668872	2	1224,28216,206351,1499392,90153,535,1456651	1239,91061,1385,186817,1386,668872
1259120	1440013	1224	28211,204458,76892,75,1259120	68525,29547,213849,72294,194,195,1440013
1595200	1562968	2	1224,1236,72274,135621,286,1595200	201174,1760,85007,85025,1827,1562968
883118	1134808	2	1224,1236,91347,543,570,571,883118	1239,91061,186826,81852,1350,1352,1134808
754411	926660	2	68336,976,117743,200644,49546,286104,754411	1297,188787,118964,183710,1298,926660
570230	1466383	2	1224,1236,91347,543,547,570230	1239,91061,1385,186817,1055323,1466383
546391	251918	2	1224,1236,135614,32033,338,546391	201174,1760,85011,2062,1883,251918
136146	1107457	468	469,136146	54393,1107457
1295073	1206876	1883	1295073	1206876
1300138	326459	1236	72274,135621,286,1300138	135623,641,662,326459
1762004	388012	2	1239,91061,1385,90964,1279,1762004	68336,976,117743,200644,49546,286104,388012
1739402	1428591	201174	84998,84999,1643824,1380,1739402	1760,85006,85023,33882,1428591
391518	1350662	1386	391518	1350662
639228	1353187	2	2323,49928,639228	68336,976,117747,200666,563835,1004300,1353187
1480664	1231408	1224	28211,204457,41297,13687,1480664	1236,91347,543,547,1231408
1249223	536501	2	1224,1236,72274,135621,286,1249223	1117,1301283,1118,70190,536501
269423	588	2	1239,91061,1385,186817,1386,269423	1224,1236,91347,543,586,588
887041	161970	2	201174,1760,85006,1268,1663,887041	1224,28211,356,45401,81,161970
331694	930101	49928	331694	930101
1343077	1509090	1224	28216,119066,1301080,1160784,1343077	1236,72274,135621,286,1509090
573486	1165235	2	544448,31969,186329,2146,33926,85632,573486	2323,49928,1165235
722924	1137143	2	1224,1236,135623,641,662,722924	1117,1161,1162,1163,1137143
380549	459739	2	1117,1301283,1118,1125,1126,380549	1224,1236,72274,468,469,459739
255519	1028246	2	1224,1236,91347,543,590,255519	201174,1760,85011,2062,1883,1028246
1027487	533599	2	68336,976,117743,200644,49546,237,1027487	1224,1236,135623,641,662,533599
378633	88830	2	1239,91061,1385,186817,1386,378633	1117,1161,1162,159191,137816,88830
428733	1443675	2	1224,1236,91347,543,547,428733	2323,49928,1443675
869277	1705894	1236	135623,641,662,869277	135622,72275,2742,1705894
1211235	1581215	2	1224,1236,135622,267890,22,1211235	201174,1760,85006,85019,1696,1581215
882024	220696	2	1117,1161,1185,1186,882024	1224,28211,82117,33807,220696
1535674	1294683	1236	91347,543,613,1535674	135614,32033,40323,1294683
349926	983872	1760	2037,2049,45035,349926	85011,2062,1883,983872
1465949	1510021	2	1239,91061,1385,186817,1055323,1465949	201174,1760,85006,85023,33882,1510021
1761077	230529	2	201174,1760,85007,1762,1763,1761077	68336,976,117743,200644,49546,61432,230529
595316	1355831	2	68336,976,117747,200666,84566,84567,595316	1117,1301283,1118,167375,1355831
1634695	1380674	1236	72274,468,497,1634695	135614,32033,40323,1380674
533540	1755520	2	1224,1236,135623,641,662,533540	1239,91061,1385,186817,1386,1755520
1109283	1273945	2	1239,91061,1385,186817,400634,1109283	1224,1236,72274,135621,286,1273945
595446	1490402	2	203682,203683,112,126,265488,595446	1224,1236,72274,135621,286,1490402
619665	1680928	2	1224,1236,135623,641,662,619665	1239,91061,186826,186827,1375,1680928
531251	1206446	2	68336,976,117743,200644,49546,237,531251	201174,1760,85007,85025,1827,1206446
387094	1036500	2	68336,976,117743,200644,49546,237,387094	201174,1760,85011,2062,1883,1036500
1566347	379693	2	1224,68525,28221,69541,213422,28231,1566347	1117,1189,29417,83541,379693
1635364	1096932	2	1224,1236,72274,135621,286,1635364	1239,909932,909929,31977,29465,1096932
1181646	1414570	2	1239,91061,1385,90964,1279,1181646	1224,28211,356,82115,227292,28105,1414570
430853	523379	28211	204441,41295,41296,430853	204455,31989,58840,523379
1486171	406346	2	1239,91061,1385,186817,1386,1486171	1224,1236,91347,543,583,406346
423156	33065	1224	28211,356,119045,407,423156	1236,118884,32036,33065
255078	1191279	2	201174,1760,85006,85023,2034,255078	1224,68525,29547,213849,72293,209,210,1191279
1444233	171981	2	1224,1236,91347,543,561,562,1444233	201174,1760,85012,83676,2013,171981
652432	131426	2	1224,1236,91347,543,626,652432	2323,49928,131426
1495137	1340664	2	1239,91061,186826,33958,1253,1495137	1224,1236,135623,641,662,1340664
1200504	1165994	2	1224,1236,118969,118968,776,1200504	1117,1301283,1118,1125,1165994
265669	1050184	2	1239,91061,1385,186820,1637,1639,265669	1117,1161,1162,748770,1166,1050184
990379	1486294	2	2323,49928,990379	68336,976,117743,200644,49546,417127,1486294
306224	321335	2	1224,1236,72274,135621,286,306224	1117,1301283,1118,1129,321335
412329	1254691	2	1239,91061,1385,186817,1386,412329	1224,28216,80840,75682,963,1254691
1645172	990425	2	1224,1236,91347,543,570,1645172	1239,91061,1385,186817,1386,990425
207814	1154793	2	1224,1236,135614,32033,83618,207814	1239,91061,186826,1300,1301,1311,1154793
203986	748330	2	1224,28211,82117,33807,203986	1239,91061,1385,186817,1386,748330
561694	563337	2	2323,49928,561694	1224,1236,72274,135621,286,563337
1271028	1391122	2	1239,91061,1385,186822,44249,1271028	201174,1760,85007,85026,2053,1391122
1571987	683006	2	1224,1236,72274,135621,286,1571987	1239,91061,1385,186817,1386,683006
748195	1220994	2	1224,28211,356,82115,227290,379,748195	1239,91061,1385,186817,400634,1220994
522485	539843	1224	68525,29547,213849,72294,194,522485	28211,356,119045,407,539843
167938	1713088	2	1117,1301283,1118,102231,167938	1224,1236,135614,32033,83618,1713088
1711910	1132494	2	1224,1236,135622,72275,226,1711910	201174,1760,85011,2062,1883,1132494
1445793	1029631	2	1224,28211,356,41294,374,1445793	201174,1760,85006,85023,1029631
404550	709660	49928	404550	709660
1002575	585260	1224	28216,80840,119060,32008,1002575	1236,135619,28256,2745,585260
1402641	1468100	2	1239,91061,1385,90964,1279,1280,1402641	1224,1236,72274,135621,286,1468100
1642974	745380	506	222,1642974	359336,745380
1565855	755945	2	1239,91061,1385,186817,400634,1565855	1224,1236,91347,543,629,1649845,632,755945
423172	394919	2	201174,1760,85006,85023,2034,423172	1224,1236,135619,28256,2745,394919
1180058	329858	2	1224,1236,135623,641,662,1180058	1239,91061,1385,186822,329857,329858
461677	691706	2	2323,49928,461677	201174,1760,85007,85025,1827,691706
29442	1426301	2	1224,1236,72274,135621,286,136843,29442	2323,49928,1426301
1678428	1158608	91061	1385,186817,1386,1678428	186826,81852,1350,155618,1158608
1270156	1548526	2	1239,91061,1385,186817,1270155,1270156	201174,1760,2037,38987,105426,1548526
928846	677135	1236	91347,543,547,928846	135623,641,662,677135
1466942	1304799	2	1239,91061,1385,186817,1055323,1466942	1224,28211,204441,41295,191,1304799
384273	1325324	2	1224,28211,356,119042,41292,384273	201174,1760,85007,85025,1827,1325324
1770580	1761961	2	1239,91061,1385,186817,1386,1770580	201174,1760,85011,2062,1883,1761961
1697897	1280850	2	68336,976,117743,200644,313602,403978,1697897	1239,91061,1385,186817,1386,1280850
1438628	1302981	2	1224,28211,356,41294,374,1438628	2323,49928,1302981
381322	1034213	2	2323,49928,381322	1224,28211,356,119045,407,1034213
1271761	1755601	2	1239,91061,1385,186817,1386,1271761	201174,1760,85004,31953,1678,1755601
1444156	942906	1224	1236,91347,543,561,562,1444156	28216,119066,33809,942906
406099	1282902	2	1224,1236,135613,72276,406099	201174,1760,85011,2062,2063,1282902
755631	1256997	2	2323,49928,755631	1224,1236,91347,543,570,571,1256997
1689619	111340	2	201174,1760,85006,85023,33882,1689619	1224,28211,356,41294,374,111340
1697001	1005495	2	201174,1760,85008,28056,1873,1697001	1224,1236,91347,543,561,562,1005495
301467	1247942	2	201174,1760,85006,85023,2034,301467	1224,28211,204455,31989,258255,1247942
1315482	1190145	49928	1315482	1190145
403676	1038591	2	1239,91061,1385,186817,1386,403676	1224,1236,135622,267888,53246,1038591
455718	1207923	1760	85007,1762,1763,455718	85011,2062,1883,1207923
1418289	1032618	2	1239,91061,1385,90964,1279,1280,1418289	1224,1236,72274,135621,286,1032618
936075	165976	2	1239,909932,909929,31977,42214,936075	2323,49928,165976
1413798	1261553	2	1224,1236,91347,543,32199,9,1413798	68336,976,117743,200644,49546,104267,1261553
1535013	450709	2	1224,1236,72274,135621,286,1535013	201174,1760,52018,78537,450709
1110575	315046	2	201174,1760,85012,83676,2013,1110575	1224,1236,135623,641,662,315046
760770	1260136	2	1239,91061,186826,1300,1301,1313,760770	1224,68525,28221,29,80811,31,32,1260136
437996	1394804	1239	91061,1385,186825,40298,437996	186801,186802,186803,186928,1394804
1231482	1480940	2	1239,91061,1385,186817,1386,1231482	1224,28211,356,119045,407,1480940
496863	1203563	2	2323,49928,496863	201174,1760,85007,1653,1716,1203563
695751	1508033	2	1239,91061,1385,186817,1386,86661,1396,695751	1224,1236,91347,543,547,1508033
1365421	1051579	1224	1236,72274,135621,286,1365421	28211,356,82115,227290,379,1051579
497079	521938	1224	28216,80840,80864,12916,497079	28211,204458,76892,75,521938
302680	712328	1224	28216,119066,33809,302680	1236,91347,543,579,712328
741124	540984	2	1224,1236,91347,543,613,741124	1117,1161,1162,748770,1166,540984
1446488	1448447	2	1117,1301283,1150,1481159,1481160,1446488	201174,1760,85007,1762,1763,77643,1773,1448447
285887	1287924	1236	135622,267888,53246,285887	72274,135621,286,1287924
1411362	624641	1236	72274,135621,286,1411362	135619,28256,2745,624641
1355098	489600	2	1224,1236,91347,543,561,562,1355098	1239,91061,186826,1300,1301,489600
1700529	1403835	1224	28211,356,41294,374,1700529	1236,72274,135621,286,1403835
1742582	317659	2	2323,49928,1742582	1224,1236,72274,135621,286,136849,251698,317659
876740	135528	2	1224,28216,80840,119060,32008,876740	68336,976,768503,768507,89373,978,135528
502558	1005250	2	201174,84998,1643822,1643826,84111,502558	1224,28216,80840,75682,149698,1005250
1473299	1130595	2	1239,91061,1385,186817,1386,1473299	2323,49928,1130595
1630601	1268824	1236	135622,267888,53246,1630601	72274,135621,286,1268824
1267981	722922	2	201174,1760,85006,1268,1663,1267981	1224,1236,135623,641,662,722922
758829	196019	1224	1236,91347,543,561,562,758829	28211,356,41294,374,196019
1092742	1673497	1224	68525,28221,213118,213121,109168,1092742	1236,72274,468,497,1673497
434919	1321250	1224	1236,135619,28256,42054,434919	28216,80840,119060,32008,111527,28450,1321250
1175100	1382997	2	1224,68525,28221,213481,263369,146784,1175100	1239,91061,1385,186822,55080,1382997
1305878	1473283	2	2323,49928,1305878	1224,1236,91347,543,547,1473283
198342	1697033	2	1224,28211,356,82115,227292,28105,198342	1117,1301283,1118,167375,1697033
1565786	519714	1386	1565786	519714
869814	434779	1224	68525,28221,213118,213121,893,869814	28216,80840,119060,48736,434779
936208	1425748	1385	90964,1279,936208	186817,1386,1425748
1585914	1409661	2	2323,49928,1585914	1239,91061,1385,90964,1279,1280,1409661
1331062	1178397	1224	1236,91347,543,561,562,1331062	28216,206351,481,482,1178397
1532114	1241838	2	201174,1760,85006,1268,57493,1532114	1224,1236,91347,543,32199,9,1241838
1680772	1001891	1224	28216,80840,119060,32008,1680772	1236,135623,641,662,1001891
328315	1185697	1224	28211,82117,33807,328315	1236,135614,32033,338,53413,43353,1185697
424076	1330260	2	2323,49928,424076	1117,1301283,1150,240294,1330260
84992	141349	201174	84992	1760,85007,1762,1763,141349
58171	398241	2	1224,28216,119066,33809,58171	201174,1760,85011,2062,1883,398241
375843	1683907	2	201174,1760,85011,2062,1883,375843	1224,1236,72274,135621,286,1683907
504144	1302679	2	201174,1760,85007,1762,1763,504144	1224,1236,118884,265980,1302679
1477824	864969	1386	1477824	864969
1191776	1219648	2	1224,1236,1706369,1706373,48073,1191776	1239,909932,909929,31977,29465,1219648
404318	1311000	1224	28211,356,82115,227292,28105,404318	1236,72274,468,469,909768,470,1311000
1696922	588470	1224	1236,135619,28256,2745,1696922	28211,356,118882,528,588470
450677	476820	2	201174,1760,85006,85023,96492,450677	1224,28211,356,69277,28100,476820
1260230	621382	2	1224,1236,91347,543,590,28901,59201,149539,1260230	201174,1760,85011,2062,1883,621382
136	1590769	2	203691,203692,136	1224,28211,356,82115,227290,379,1590769
1028413	1122652	2	1224,1236,72274,468,497,1028413	2323,49928,1122652
1278871	1035333	2	68336,976,117743,200644,49546,237,1278871	1224,1236,72274,135621,286,1035333
1110553	238814	1224	28211,356,69277,68287,1110553	1236,135622,267890,22,238814
998640	1216225	2	1239,91061,1385,186817,1386,998640	1224,1236,135622,267888,53246,1216225
157110	386506	2	68336,976,768503,768507,89373,992,157110	1224,1236,72274,468,497,386506
1114496	101800	2	1224,28211,356,119045,407,1114496	2323,49928,101800
1675813	1747025	1883	1675813	1747025
1400023	29487	543	561,562,1400023	29487
1584152	689602	1236	135623,641,662,1584152	91347,543,613,689602
1606101	994809	2	1224,28211,356,41294,374,1606101	1117,1161,201821,1219117,994809
1085787	1270390	2	1224,28211,356,69277,68287,1085787	201174,1760,85006,1268,1663,1270390
1662029	1438881	2	51290,74201,326457,417295,1662029	201174,1760,85007,1762,1763,77643,1773,1438881
183593	745194	2	1239,186801,186802,186807,1562,183593	201174,1760,85011,2062,1883,745194
210559	1078791	1224	28216,119066,33809,210559	1236,135622,267890,22,1078791
1408064	1474903	2	2323,49928,1408064	1239,91061,186826,1300,1357,1474903
239974	1255842	2	201174,1760,85012,83676,2013,239974	1239,91061,1385,186817,1386,1255842
1533977	669405	1224	28216,80840,119060,32008,1533977	68525,29547,213849,292630,223785,669405
368566	1234380	2	1224,1236,135619,28256,2745,368566	201174,1760,85009,31957,1743,1747,1234380
1472846	861051	2	1224,1236,72274,135621,286,1472846	68336,976,768503,768507,89373,643701,861051
1484740	1189433	2	68336,976,117743,200644,49546,59732,1484740	1117,1301283,1150,54304,59512,1189433
1679146	545280	1236	91347,543,613,1679146	135613,72276,106633,545280
1489170	1450782	2	2323,49928,1489170	1224,28216,80840,119060,32008,1450782
1647639	1644904	1236	72274,468,469,1647639	91347,543,561,1644904
280098	63792	1236	135619,28256,2745,280098	135613,1046,1056,63792
1182449	1491669	2	2323,49928,1182449	1239,91061,1385,186817,1386,1491669
1328889	446399	2	1117,1301283,1150,1609595,467598,1328889	1224,28211,82117,33807,446399
521548	1323928	1224	28211,356,119045,407,521548	28216,80840,80864,283,1323928
132297	1085601	91061	186826,33958,1578,132297	1385,186817,289201,1085601
1488308	1367017	2	1117,1301283,1150,1198,1488308	201174,1760,85012,83676,2013,1367017
521275	1035109	2	201174,1760,85006,85023,2034,521275	1224,1236,135614,32033,40323,1035109
1391684	284659	2	203691,203692,1643686,143786,29521,1391684	1239,91061,1385,186817,45667,284659
1645376	1469781	2	1224,1236,91347,543,160674,1645376	1117,1161,1162,1177,1469781
132001	1467121	2	2323,49928,132001	1239,91061,1385,186817,150247,1467121
658378	1265388	2	544448,31969,186329,2146,33926,85621,180978,658378	1224,1236,91347,543,32199,9,1265388
710718	1343586	1236	72274,135621,286,710718	91347,543,547,1343586
337017	435191	2	201174,1760,85006,1268,1663,337017	1239,91061,1385,186822,44249,435191
1519337	1404479	1224	1236,91347,543,547,1519337	28211,356,41294,374,1404479
1157163	984262	2	203691,203692,1643688,170,171,1157163	68336,976,117747,200666,89374,1007,1008,984262
1663562	426572	2	1239,91061,1385,186817,1386,1663562	68336,976,117743,200644,49546,237,426572
1173497	1703517	1224	1236,91347,543,586,1173497	28211,356,82115,227290,379,1703517
